<?xml version="1.0" encoding="UTF-8"?>
<kml xmlns="https://url.uk.m.mimecastprotect.com/s/2L2bClvYKsr9LKOsGfNHz-UuC?domain=earth.google.com">
	<Document>
		<name>GPS Visualizer data</name>
		<Style id="waypoint">
			<IconStyle>
				<color>ffffffff</color>
				<scale>1</scale>
				<Icon><href>https://url.uk.m.mimecastprotect.com/s/gehPCm2ZLIx0vY1sOhRHRg95L?domain=maps.google.com</href></Icon>
				<hotSpot x="0.5" xunits="fraction" y="0.5" yunits="fraction" />
			</IconStyle>
			<BalloonStyle>
				<text><![CDATA[<h3>$[name]</h3> <div style="margin-top:8px;">$[description]</div>]]></text>
			</BalloonStyle>
		</Style>
		<Style id="track">
			<LineStyle>
				<color>ff0000ff</color>
				<width>3</width>
			</LineStyle>
		</Style>
		<Style id="polygon">
			<LineStyle>
				<color>ff9900ff</color>
				<width>3</width>
			</LineStyle>
			<PolyStyle>
				<color>409900ff</color>
				<colorMode>normal</colorMode>
				<fill>1</fill>
				<outline>1</outline>
			</PolyStyle>
		</Style>
		<Folder>
			<name>Tracks</name>
			<Placemark>
				<name>city square half</name>
				<description>Length: 21 km (13.05 mi)</description>
				<visibility>1</visibility>
				<styleUrl>#track</styleUrl>
				<LineString>
					<extrude>0</extrude>
					<tessellate>1</tessellate>
					<altitudeMode>clampedToGround</altitudeMode>
					<coordinates>
						144.9665844,-37.8156070 144.9675500,-37.8179971 144.9681401,-37.8192175 144.9686229,-37.8203362 144.9687946,-37.8209040 144.9690843,-37.8214719 144.9701786,-37.8238957 144.9708009,-37.8252177 144.9711227,-37.8262601 144.9711442,-37.8284126 144.9710369,-37.8295481 144.9711227,-37.8306582 144.9712408,-37.8314717 144.9715412,-37.8322428 144.9717343,-37.8327258 144.9720025,-37.8331240 144.9724638,-37.8335138 144.9730110,-37.8337087 144.9737620,-37.8341070 144.9745989,-37.8350306 144.9753821,-37.8363779 144.9777853,-37.8429443 144.9795771,-37.8478921 144.9824524,-37.8557876 144.9824631,-37.8565838 144.9804032,-37.8578290 144.9794376,-37.8568718 144.9789119,-37.8560163 144.9787188,-37.8550760 144.9787080,-37.8539832 144.9783862,-37.8523991 144.9777102,-37.8505862 144.9771309,-37.8496627 144.9760044,-37.8488833 144.9748242,-37.8481717 144.9735475,-37.8481124 144.9723887,-37.8474601 144.9712729,-37.8465112 144.9706292,-37.8450031 144.9706721,-37.8440797 144.9713051,-37.8428003 144.9717557,-37.8417497 144.9716914,-37.8408347 144.9713802,-37.8397417 144.9708974,-37.8390638 144.9699640,-37.8386232 144.9687946,-37.8384623 144.9682903,-37.8382589 144.9679041,-37.8379623 144.9669170,-37.8383690 144.9659085,-37.8387080 144.9660265,-37.8388435 144.9666488,-37.8392079 144.9667239,-37.8396993 144.9670243,-37.8417412 144.9668312,-37.8417582 144.9665737,-37.8401484 144.9663484,-37.8391570 144.9659729,-37.8389537 144.9655330,-37.8388690 144.9652112,-37.8389960 144.9644494,-37.8393689 144.9636447,-37.8398603 144.9636233,-37.8405212 144.9631834,-37.8413091 144.9628723,-37.8419276 144.9626684,-37.8420547 144.9621964,-37.8420886 144.9621534,-37.8424106 144.9626684,-37.8430969 144.9636877,-37.8443254 144.9655008,-37.8458504 144.9661875,-37.8464942 144.9666488,-37.8465451 144.9683118,-37.8474092 144.9702430,-37.8485360 144.9718201,-37.8496712 144.9729896,-37.8507471 144.9737406,-37.8515096 144.9740624,-37.8520602 144.9734294,-37.8525600 144.9730968,-37.8527294 144.9727213,-37.8527464 144.9715948,-37.8520009 144.9697816,-37.8505014 144.9685585,-37.8495187 144.9679255,-37.8491205 144.9675608,-37.8488749 144.9667776,-37.8482564 144.9662948,-37.8478328 144.9660802,-37.8475787 144.9662304,-37.8472652 144.9663162,-37.8469517 144.9663162,-37.8466552 144.9661875,-37.8466552 144.9662089,-37.8468162 144.9661767,-37.8470619 144.9660909,-37.8472737 144.9659622,-37.8474855 144.9659729,-37.8476464 144.9676681,-37.8490612 144.9710798,-37.8517637 144.9717879,-37.8523398 144.9722707,-37.8527125 144.9725389,-37.8528819 144.9728286,-37.8529412 144.9731505,-37.8528819 144.9735045,-37.8526701 144.9736869,-37.8524245 144.9740517,-37.8521534 144.9742877,-37.8522550 144.9748671,-37.8530259 144.9752748,-37.8535681 144.9755859,-37.8538392 144.9758863,-37.8538900 144.9759614,-37.8544576 144.9763906,-37.8546270 144.9775922,-37.8554148 144.9782467,-37.8558892 144.9785686,-37.8560417 144.9787080,-37.8560417 144.9789333,-37.8565245 144.9793625,-37.8571175 144.9798024,-37.8575749 144.9801457,-37.8579561 144.9802530,-37.8580662 144.9825811,-37.8566855 144.9826026,-37.8563551 144.9825811,-37.8557876 144.9820662,-37.8542289 144.9809396,-37.8511876 144.9793947,-37.8469433 144.9773455,-37.8413430 144.9757576,-37.8370303 144.9753284,-37.8361237 144.9748456,-37.8352340 144.9741697,-37.8344120 144.9739444,-37.8341409 144.9735904,-37.8338697 144.9726248,-37.8334545 144.9721205,-37.8330563 144.9718738,-37.8327258 144.9717128,-37.8323529 144.9714124,-37.8315479 144.9712622,-37.8306328 144.9712193,-37.8295566 144.9713051,-37.8283871 144.9713480,-37.8270736 144.9712944,-37.8265991 144.9711442,-37.8256160 144.9709511,-37.8251330 144.9705219,-37.8242516 144.9701464,-37.8234041 144.9699640,-37.8229211 144.9689662,-37.8205820 144.9682045,-37.8189209 144.9675179,-37.8173868 144.9724746,-37.8159018 144.9750388,-37.8153103 144.9790621,-37.8157595 144.9786973,-37.8181496 144.9788797,-37.8186920 144.9801564,-37.8194463 144.9825168,-37.8209125 144.9829674,-37.8205396 144.9835360,-37.8205735 144.9839652,-37.8204379 144.9842227,-37.8202430 144.9843085,-37.8199887 144.9842119,-37.8197514 144.9840295,-37.8195396 144.9837291,-37.8194209 144.9834073,-37.8193785 144.9830854,-37.8194124 
					</coordinates>
				</LineString>
			</Placemark>
		</Folder>
	</Document>
</kml>

